14105 38151
14715 38151

18269 38151
18269 38151

18863 38151
18269 38151

17135 39227
17135 38151

14715 40293
14715 40293

14121 40600
14337 40600

14185 41391
14337 41391

17061 43821
17061 44071

14877 44071
14877 44071

18549 44343
18549 44343

16379 44364
16379 44071

14337 44380
14337 44071

18917 44631
18549 44343

18269 38151
17135 38151

17135 38151
14715 38151

14715 38151
14715 40293

14715 40293
14337 40600

14337 40600
14337 41391

18549 44343
17061 44071

14337 41391
14337 44071

17061 44071
16379 44071

16379 44071
16379 44071

14877 44071
16379 44071

14337 44071
14877 44071
